Index

Locorum emendatorum.

———----

111111. ad Fam. 1, 4, 1 p. 12. 4, 2 p. 19. 7, 5 11. 4. 9, 7 11.
69. 9, 961». 13. 3, 33 p. 33. 11, 7 p. 79. 7, 311. 99. 19, 9 p.
99. 19, 9 p. 99. 16, 9 p. 70. 99, 9 p, 97. 111, 5, 5 p. 56. 3, 5 p.
91. 7, 411. 199. 3, 311. 33. 3, 5 p. 114. 9, 7 p. 14. 9, 31, 17.
16,16 p. 91. 16, 11 p. 99. 11, 9 p. 90. 111531. 99. 5, 4 p.
99. 6, 1 p. 699, 1 p. 59. 19, 1 p. 55. 19, 5 p. 99. 19, 6 p.
69. 15, 3 p. 77. V, 4, 9 p. 94, 115. 3, 9 p. 97. 16, 9 p. 3413,
51133. 14, 1 p. 99. 96, 5 p. 74. vl, 9, 5 p. 116. 5, 9 p. 59.
6, 13 p. 76. 7, ²1³· 91. 7, 6 p. 95. 9, 211. 90. 19, 9 p. 33. vn,
1, 4 11. 71. 5, 2 11, 52. 5311. 83, 110. 7, 211. lll. 7, 41199.
13, 5 1995. 17, 9 p. 74. 16, 3 p. 19. 33, 1 p. 99. 99 p. 53. 33,
3 p. 69. vm, 1, 3 p. 69. 9, 1 p. 69. 3,3 p. 34. 3, 9 p. 59, 59.
4, 5 11. 17. 5, 3 ib. 5, 5 p, 31. 8, 5 11. 35. 8, 811. 24. 9, 5 11.
53. 13, ²1· 90. 13, 4, p. 69. 16, 9. 1331. 19, 4 p. 116. 19, 9
p. 45, 166. 15, 1 p. 33. lx, 3, 3 p. 91. 6, 1 p. 69. 13 p. 59,
’ 15, 3 p. 115. 13. 9 p. 71. 91, 3 p. 17. 99, 4 p. 99. Χ, 7, 9 p.
96. 31, 4 p. 33 33, 3 p. 95. 90, 4 p. 99. 91, 511. 199. 33, 4 p.
31. xl, 2, 1 11. 43, 20, l 11. 21. 23, 1 11, 59. 27, 511. 90. 28, 5 11.
59. 1111, 5, l 11. 13, 12, 111. 56. 19, 4 p. 22. 15, 2 ct 511. 99.
15. 31. 34. 35, 511. 14. 33, 4.p. 3311111, 13, 1 p. 69. 15, 1 p.
3. 13, 31. 69 33, lp. 99. 99, 41¹· 97. 33113 p. 99. 45 p. 190.
96, 1 111. 55, 1 p. 122. 57, 2 11. 104. 63, 1 p. 33. XIV, 2, l 11.
53. 5, 1 p. 99. 16, sp. 33, 14, 3 p. 70. 17 p. 99. xv, 9 p. 79.
3, 3 p. 4. 7p. 79. 91». 115. 11, 1 p. 76. 19 p. 79. 14, 9 p. 199.
15, 1 p. 19. 16, 9 p. 97. 15, 3 p. 99. 17, 9 p. 79. 96, 3 p. 76.
XVI, 711. 79. 17, 211. 34. 91. 311. 70. 21, 7 11. 80. 23, 111. 21.
33,ζ 31. 56.

 

